1 E(0)
Dbegin
polygon
-1.06901358557399 20.9660120009337 -21.2377240300895
1.0088820162643 19.6765676033254 -17.8813618324823
3.84044452705885 16.3634709510826 -15.1645455475956
7.32158816525556 11.7828514465308 -12.430103414486
11.8686560570708 2.91019148036798 -12.3067224769266
16.0784001661461 -6.96333384046237 -14.1724826704195
19.4053251466333 -17.3263310659768 -18.7021816041309
21.1998498711304 -26.9112773438664 -25.9134451262835
21.7992981223772 -34.7173073194635 -33.8171321058248
23.1774797206579 -41.2777359880511 -38.3997085842045
23.6728421903506 -48.3276365613227 -45.6462238028026
23.9600330969352 -53.8652783299433 -51.5783954995143
24.559481348182 -61.6713083055405 -59.4820824790557
24.7425864732125 -66.4528206718356 -64.7570824148242
23.9387866881008 -70.9676755404893 -72.0388493298679
23.0058346833574 -77.9956545684615 -82.6241008978504
21.3192157696578 -82.9999813417993 -92.5698065531125
18.7748441654478 -85.2245264581771 -101.218794534711
15.6849772153897 -86.9376781245714 -110.542580125475
13.1656720492574 -85.8929696793052 -115.230911693192
13.3989100504433 -84.1359749223121 -112.584598801196
12.7743953611188 -79.599198508359 -108.641568235537
12.5912902360883 -74.8176861420639 -103.366568299768
11.5504324205475 -67.2563921188088 -96.7948506903363
11.1591557324089 -60.9626209478627 -90.2055072326814
10.3264694799762 -54.9135857292586 -84.9481331451357
9.18152588288132 -46.596162303678 -77.7192437747603
8.79024919474268 -40.3023911327319 -71.1299003171054
7.74939137920187 -32.7410971094768 -64.5581827076733
6.37120978092113 -26.1806684408893 -59.9756062292936
5.64260931004257 -20.8877626246107 -55.3754039026911
4.16034193020775 -13.5712045536977 -50.1356556633681
3.22356989622102 -6.76603993276808 -44.2211098148792
0.754397606244095 0.817175635786377 -40.9881285548315
0.0257971353655289 6.11008145206494 -36.387926228229
-0.0532222081108644 10.1354644160345 -31.7700980534037
0.0759300115209043 12.6485885753531 -28.4666134004649
0.309168012706754 14.4055833323462 -25.8203005084693
-0.10717511350957 17.4301009416482 -23.1916134646964
Dend
2 E(0)
Dbegin
polygon
-24.2017917187982 117.212520250718 -22.5012540772904
-25.5849839321861 116.753481880184 -19.3156348923554
-26.9146555655942 114.406374884631 -15.9256251309568
-28.3682815671677 110.959336611787 -12.0681073620857
-29.2359621443254 103.259817670744 -8.79555130977807
-29.447263508882 94.2958179638134 -6.77985555796996
-28.7007563445267 84.3791314205596 -6.75164554514286
-26.8724862830942 74.6096893182747 -9.1784292787693
-24.6188325371856 66.2519724228468 -12.8033464583498
-23.5004622683341 59.6350797114685 -14.1776604679402
-21.4242834705708 52.0655001637673 -17.5394602165117
-19.703054569098 46.0721953115194 -20.3750251030652
-17.4494008231893 37.7144784160916 -23.9999422826457
-15.9056468698618 32.5093109115703 -26.5723897381901
-13.5815593357677 27.1395939184527 -30.8692055017067
-10.2461426927818 18.9291214639938 -36.9491164277407
-6.9642466297758 12.6067176345533 -43.2334179302382
-3.91334609489494 8.96051977785801 -49.4589925781902
-0.561016243703417 5.6261158507279 -56.4151926646238
1.30108023414044 5.60881080310054 -60.5945547190494
0.467226073393974 7.66142891671528 -59.0745769875409
-0.597623615477634 12.3902530030751 -57.4958724014869
-2.14137756880517 17.5954205075964 -54.9234249459424
-3.91612705025785 25.4767939848628 -52.2922506358525
-5.81483089987592 32.2582361848374 -49.19356831829
-7.23463048503806 38.5633349666505 -47.088628870218
-9.186854914636 47.2328457916435 -44.194337129119
-11.0855587642541 54.0142879916181 -41.0956548115566
-12.8603082457068 61.8956614688845 -38.4644805014666
-13.9786785145582 68.5125541802628 -37.0901664918761
-15.2210031515751 74.0295156143493 -35.2483444748132
-16.5168483685718 81.4345456734542 -33.6109130342137
-18.1141229018793 88.527781802994 -31.2428561551328
-18.6296345381094 95.7682623735027 -31.3297930225053
-19.8719591751263 101.285223807589 -29.4879710054424
-21.2382381803085 105.702253964384 -27.1786409809069
-22.2495672892003 108.543009425725 -25.3955458183894
-23.0834214499467 110.59562753934 -23.8755680868809
-23.7933212425278 113.748176930246 -22.8230983628449
Dend
3 E(0)
Dbegin
polygon
-62.275052209729 125.819783283485 10.6357568686734
-65.0911601255315 127.030607867893 10.7389096088794
-68.8596962599596 126.91378555643 11.1536034725737
-73.4702600620467 126.193917701086 11.7528371537842
-79.3644537356595 121.972598893909 13.0446158763986
-84.7478213945134 116.180521574652 14.5328586994121
-88.888735921916 108.696129935211 16.1600271112805
-90.9451696502084 100.122469519467 17.7415812944872
-91.4279485941495 92.0302988395002 19.0810571486332
-93.0427801185752 86.3550438317059 20.1546061079525
-93.4151585115497 78.9874745037268 21.3670806561266
-93.5667358025908 73.0691078797225 22.325552592357
-94.049514746532 64.9769371997559 23.665028446503
-94.0906914866064 59.7831719277389 24.4964990767615
-92.779014544263 53.6216936875246 25.3398939899029
-91.1773126890939 44.4402542312556 26.6337556153873
-88.6231826152992 36.5864616708564 27.6160761173835
-85.0062237719122 30.7849173583144 28.1598541899197
-80.6576378118329 24.8618172376674 28.6460937509114
-77.2203033303048 22.8048354931675 28.6124038051327
-77.6207287940971 25.1001953572348 28.2889383987616
-76.958325488297 29.4478034691592 27.5269305629305
-76.9171487482226 34.6415687411761 26.6954599326719
-75.8131432385558 41.8875822610503 25.4254468729534
-75.551165396548 48.530550237042 24.3399736307511
-74.6679609888146 54.3273610529414 23.3239631829763
-73.4535549281811 62.2979759248029 21.9269488172858
-73.1915770861734 68.9409439007947 20.8414755750836
-72.0875715765066 76.1869574206688 19.571462515365
-70.4727400520809 81.8622124284631 18.4979135560457
-69.6999361953141 86.934421892375 17.6089044142427
-67.9747041199218 93.3342782521567 16.4083541489515
-66.9810991612217 99.8556904200435 15.2653423952047
-63.9030134034114 105.287833811628 14.0767164127965
-63.1302095466447 110.36004327554 13.1877072709935
-63.1994333575369 114.829207195569 12.4832379467068
-63.4894582703625 117.849168411624 12.0327712343638
-63.8898837341547 120.144528275691 11.7093058279927
-63.448281530288 123.042933683641 11.2013006041053
Dend
4 E(0)
Dbegin
polygon
-72.872268235797 164.961767520476 -23.2274414467343
-70.8696799827416 163.059023928328 -22.4015518609992
-69.2843032966834 159.865578207905 -22.3534727541486
-67.7082010086176 155.743659794868 -22.6457450704854
-67.7731217945638 149.24435094657 -25.0282050327974
-69.0525796895326 142.586826483899 -28.3826907390129
-71.9452374645366 136.33732966381 -32.8063098216414
-76.4418207215834 131.424333178916 -37.9587108574954
-81.3277923516504 128.006052643587 -42.8678681026714
-84.1926269326774 124.54197390134 -46.2704329157376
-88.6706613937395 121.485922801674 -50.7421311052167
-92.3328215167917 119.154330573332 -54.3389111833018
-97.2187931468588 115.736050038003 -59.2480684284779
-100.473016100906 113.766687245323 -62.4073894508661
-104.932501765983 112.567581530885 -66.1983847939704
-111.422398878093 110.485801330751 -71.8363239923719
-117.495084423206 109.694723258894 -76.6964527118891
-122.742621232316 110.556576750975 -80.341311896825
-128.388820812439 111.984673500007 -84.0832787142703
-131.198009005512 114.091430913445 -85.4437349882118
-129.575534727485 114.611875963478 -84.0342501886114
-127.127911713455 116.785252577449 -81.4094958544297
-123.873688759408 118.75461537013 -78.2501748320415
-119.794317069358 122.376909726748 -73.8755842750719
-115.724219777301 125.070731390753 -69.8413451412898
-112.460722425262 127.968566876048 -66.3416726957141
-107.973413566207 131.953090668328 -61.5296230830475
-103.90331627415 134.646912332332 -57.4953839492654
-99.8239445841006 138.269206688951 -53.1207933922958
-96.9591100030736 141.733285431198 -49.7182285792297
-94.103549820039 144.268891480831 -46.656015189351
-90.8307780700071 148.09519965874 -42.8159913205879
-87.1593435489625 151.355264579697 -38.8788598193153
-85.0918345099608 155.951829835848 -35.6705102712681
-82.2362743269262 158.487435885481 -32.6082968813894
-79.3899885418839 160.0945692425 -29.8864349146982
-77.3595770948514 160.977243728195 -28.0394910594008
-75.737102816824 161.497688778228 -26.6300062598004
-74.1053541408042 162.946606520876 -24.8801700370126
Dend
5 E(0)
Dbegin
polygon
26.5205750299607 -15.6910303878003 253.884548824631
25.1416298834565 -13.356743124391 253.879473457995
22.4529402623175 -11.4245498749736 254.408042023038
18.8833986945475 -9.45637693739505 255.232515509389
12.7174350681309 -9.20451912026733 257.30384995854
6.14564580433347 -10.3028620977596 259.792496517502
-0.380009678217714 -13.225459260186 262.640289275342
-5.97867943289172 -18.0082902957077 265.551323310752
-10.2445378223078 -23.3011544097045 268.108286513921
-14.1276374649661 -26.3316906366142 270.06836450784
-17.9646033263782 -31.186481048458 272.387588700636
-20.9437841317825 -35.1651240559959 274.231334872686
-25.2096425211986 -40.4579881699927 276.788298075855
-27.759930798599 -43.9985574753776 278.394305237532
-29.8351927667492 -48.9253072635436 280.121719587714
-33.1740654282881 -56.0784052506356 282.741924068454
-35.2031936151921 -62.8294092237357 284.828484617513
-35.4936847994574 -68.740245480691 286.14366222452
-35.3322165650956 -75.1251351279604 287.400673920592
-33.9302045279683 -78.3715494838367 287.585322386667
-33.0954863625836 -76.5832749870637 286.930271266482
-30.5221311945601 -73.9548327741459 285.503837204244
-27.9718429171597 -70.414263468761 283.897830042567
-23.6829176371205 -66.0335264472312 281.520439938837
-20.2748443037123 -61.6168097375404 279.438954756414
-16.843704079681 -58.1122201203166 277.537042673429
-12.1258862716379 -53.2934093966338 274.921913559326
-8.71781293822971 -48.876692686943 272.840428376903
-4.42888765819055 -44.4959556654133 270.463038273173
-0.545788015532203 -41.4654194385035 268.502960279254
2.45645968049521 -38.3989035234327 266.838787206643
6.76845185115747 -34.93029359437 264.640970202352
10.6284846031927 -30.9876302749933 262.501319108994
15.4155030831051 -28.9052008287117 260.424909293208
18.4177507791325 -25.8386849136409 258.760736220596
20.539146528529 -22.7361893104089 257.392468069292
21.8027572219176 -20.509841111483 256.499677938734
22.6374753873023 -18.72156661471 255.844626818549
24.353045499318 -16.9692718060981 254.893670777057
Dend
6 E(0)
Dbegin
polygon
43.0901483835334 -34.1582577907988 249.176998437417
45.5626741396468 -34.7264778403299 249.828154923559
48.1026395999121 -36.6935757305004 250.241999566028
50.9547966464967 -39.5009635376408 250.596355016028
53.1401377507315 -45.3829929564296 250.179930668742
54.2790316221452 -52.1004962292576 249.289527560315
53.8145347922514 -59.3717713628246 247.806812232011
51.4344556747307 -66.3565284401606 245.791273876299
48.1852415024042 -72.2192936072267 243.716891254321
46.7841699135526 -76.9696989898842 242.412643503425
43.7797076233934 -82.2738762332806 240.516083532652
41.2647490975687 -86.4608776293377 238.975168864286
38.0155349252422 -92.3236427964038 236.900786242309
35.7453282815848 -95.9520562687912 235.537694225147
32.1164828187871 -99.5756536782479 233.760112639312
26.9516863588338 -105.151900789083 231.152906989927
21.7194501947285 -109.329270059279 228.783013184216
16.6645262086384 -111.549173565165 226.828253873381
11.0526587540619 -113.487375077752 224.755161103812
7.77843764729472 -113.19604095859 223.807848507732
9.06963676228305 -111.801979180881 224.459649920078
10.5381480552867 -108.450451638863 225.526585827301
12.8083546989441 -104.822038166476 226.889677844463
15.2558735206168 -99.2361589297795 228.667904356502
18.0155839286087 -94.4905696100527 230.386641676071
19.9735989859469 -90.0218662206954 231.809222885702
22.6658696897868 -83.8773990603292 233.765272048945
25.4255800977787 -79.1318097406024 235.484009368514
27.8730989194514 -73.5459305039059 237.262235880553
29.2741705083031 -68.7955251212484 238.566483631449
30.9874336834739 -64.8854096555608 239.811242189877
32.6332571544928 -59.5764163492337 241.293312591977
34.8360240939983 -54.5491250362067 242.893716452812
35.1232087458768 -49.2353156669489 243.961297286239
36.8364719210477 -45.3252002012613 245.206055844666
38.8619266825378 -42.2553746525436 246.391325210624
40.3978776796935 -40.3027249511651 247.220949274174
41.6890767946818 -38.9086631734563 247.87275068652
42.6680843233509 -36.6743114787777 248.584041291336
Dend
7 E(0)
Dbegin
polygon
32.7264091394521 -33.8252996027375 291.91839109137
30.799013623682 -31.3066885245582 294.836896541491
27.9926340430711 -30.3416763690953 299.264450042092
24.4837749246854 -29.9599290508995 304.854641954084
19.5664181602614 -34.0427829117684 312.993110833822
14.8220273524148 -40.4533741917186 321.008170219435
10.7765775118544 -49.5787721389326 328.08359133862
8.1325481763552 -60.8357119161435 333.056735779987
6.71697338933985 -71.8964561042698 336.051013037659
4.77896216210405 -79.2720595396829 339.638518922671
3.53989190215454 -89.3624696423597 342.286386541255
2.65383069633674 -97.5122115741377 344.241434881662
1.23825590932138 -108.572955762264 347.235712139335
0.528699230569437 -115.752363608593 348.844350840653
0.694588046169635 -124.676244036735 349.166941636455
0.680433764215437 -137.868530054859 350.058942216309
1.54526354710194 -149.507217150265 349.441894745683
3.465581921895 -158.621971237506 346.969389585488
5.91187530739706 -168.123794572929 343.680655652992
8.18874130681036 -171.999808984741 340.292331069657
8.19227987729891 -168.70173748021 340.069330924693
9.25130703969401 -162.879732967513 337.990873090161
9.96086371844597 -155.700325121185 336.382234388843
11.7259089891045 -145.99698426669 332.918137997957
12.7884747219881 -136.876908249463 330.616680018461
14.2005109385149 -129.114235565867 327.845402905752
16.1420607362393 -118.440560625923 324.034896875777
17.2046264691229 -109.320484608696 321.733438896281
18.9696717397814 -99.6171437542015 318.269342505395
20.9076829670172 -92.2415403187884 314.681836620383
22.1432146564782 -85.4492017206423 312.256969146762
24.2577304107799 -77.1032641997798 308.323053622662
25.8462711543725 -68.3702574307349 305.205366870864
28.8362324030263 -61.7687924916867 299.985403441247
30.0717640924873 -54.9764538935406 297.560535967627
30.6048162441734 -48.7673801326615 296.298306905397
30.7848593417278 -44.4989745426813 295.728897121345
30.7883979122163 -41.2009030381505 295.505896976382
31.4944160204797 -37.3195666963528 294.120258420027
Dend
8 E(0)
Dbegin
polygon
73.3218555261194 -37.6043330024102 304.0415889963
74.3124900522379 -34.8246398733993 306.646558143032
76.4483174510758 -33.1387923583501 310.68298418905
79.3304336154378 -31.7517820589449 315.804105084308
84.5544549741058 -33.8436425684538 323.396969028988
90.2288998888363 -38.0216910572709 330.945424274564
96.0063837013008 -44.7820987080697 337.711538021843
101.140617645975 -53.826028305206 342.610615421583
105.181178166797 -63.0672918693715 345.687065172889
108.71979568269 -68.9311878732379 349.199094372447
112.361452096317 -77.377443039086 351.928782073707
115.205300295552 -84.2336814082991 353.964945674876
119.245860816374 -93.4749449724646 357.041395426182
121.690804908414 -99.5361749433603 358.730796977306
123.839883790993 -107.38475567792 359.291094980086
127.237194444025 -118.909541188423 360.500508383854
129.489312224338 -129.340481084965 360.278464888336
130.197333024735 -137.882566969227 358.278202443488
130.557969166805 -146.920824036163 355.540007199445
129.618854089553 -150.991696746164 352.543867303563
128.769526426295 -148.110500368539 352.241513952621
126.376101783122 -143.340449978634 350.160941652348
123.931157691082 -137.279220007738 348.471540101224
119.942116619127 -129.329136024563 345.00391960077
116.699364312696 -121.677889257033 342.620993949555
113.508131455132 -115.317822070493 339.846897549191
109.120186275981 -106.572729689001 336.032514998691
105.87743396955 -98.9214829214704 333.649589347476
101.888392897595 -90.9713989382956 330.181968847021
98.3497753817024 -85.1075029344292 326.669939647463
95.5574466313339 -79.5424441462069 324.242605297145
91.6199250082458 -72.883539744023 320.383814047541
88.0297880434862 -65.7284641591658 317.262955597131
83.7964012109367 -60.8569105206461 312.275060799184
81.0040724605681 -55.2918517324238 309.847726448866
78.9580324757236 -50.0256301598456 308.505086947787
77.70980070527 -46.3494253839024 307.8559715468
76.860473042012 -43.4682290062766 307.553618195858
75.26485661323 -40.2881954130067 306.166569995676
Dend
9 E(0)
Dbegin
polygon
16.2544897966847 167.09701629335 11.474869350868
17.6973024780173 170.784432936356 9.79541963567232
20.5226886219089 173.734164046014 6.38817316195657
24.2764836540369 176.683782819701 1.83443407626349
30.7753458716916 176.682996467908 -6.19101420757787
37.7082929240778 174.469602859952 -14.8138823190701
44.6010804972815 169.306141134427 -23.4689817927786
50.5252997030664 161.192723627304 -31.009820016726
55.0468657067011 152.341957594743 -36.8389771632615
59.1544266151957 147.17883287713 -42.0545988010379
63.2218280445078 139.065640041947 -47.3024518010307
66.3809003251747 132.42759360152 -51.387696507938
70.9024663288095 123.576827568959 -57.2168536544734
73.6073740351538 117.676354325909 -60.720794214838
75.8179576879932 109.563386162668 -63.675661990876
79.3709553242091 97.7626643485086 -68.3905578876504
81.541379497866 86.6996280676976 -71.3776570259048
81.8750656346413 77.1118505176122 -72.0556552590963
81.7345074575029 66.7866121061197 -72.1684650268532
80.2716150365791 61.6241614043291 -70.5051309927657
79.3833656275251 64.5743418578689 -69.3264070185721
76.6583781815895 68.9997810421343 -65.8385821393157
73.9534704752452 74.9002542851843 -62.3346415789511
69.4118247320193 82.2759862589599 -56.5216001135238
65.7985878770297 89.6516058967651 -51.8550512600738
62.165271282449 95.5521914757856 -47.2046180877319
57.1694609649005 103.665496646939 -40.8102724757618
53.5562241099109 111.041116284744 -36.1437236223118
49.014578366685 118.41684825852 -30.3306821568845
44.9070174581905 123.579972976133 -25.115060519108
41.7278654379323 128.742985357776 -21.0459314933089
37.1661399551152 134.643683272767 -15.2490057089896
33.0786587862118 141.281842049165 -10.017268390105
28.0226092498897 144.970045043964 -3.67126982145936
24.8434572296315 150.133057425607 0.397859204339785
22.5927140976098 155.29595747128 3.32049561816159
21.2503001142332 158.983711122197 5.08052373889792
20.3620507051792 161.933891575737 6.25924771309152
18.5453924078889 164.884184365247 8.58446429926246
Dend
10 E(0)
Dbegin
polygon
-35.4459615690718 223.48757203084 74.6943282019568
-36.4175868383558 223.520782752456 72.5556464953604
-38.159035753951 222.539242926863 70.4473440184938
-40.4361228363062 220.997642877444 68.1182875907441
-44.1855900036261 217.077221310666 66.5730099345626
-48.1019754428397 212.352788997562 66.0018857711027
-51.883826466738 206.929715838575 66.8768022318602
-54.9955049085612 201.368062057531 69.4185132677183
-57.2700924964156 196.471838400754 72.6528653859553
-59.4450290200339 192.728945913243 74.190043699362
-61.4854311283371 188.28741257985 77.1732626369862
-63.0574622775379 184.755259893223 79.6542152133847
-65.3320498653922 179.859036236446 82.8885673316218
-66.6698955350418 176.781573873204 85.1183867274075
-67.639021309825 173.460160987461 88.5431135667978
-69.2434363156042 168.425356708626 93.4442602601353
-70.0780276750722 164.405302977001 98.315027723743
-69.9086099086778 161.854690115967 102.904282777008
-69.4377394550746 159.409447155376 107.965424961769
-68.398846978133 159.026916010819 110.827126980474
-67.9977432266882 160.285617080527 109.60184030714
-66.592630349381 163.013759020829 108.095041223463
-65.2547846797314 166.091221384072 105.865221827677
-62.9129298842195 170.638124617907 103.353890021549
-61.1067132554675 174.624967627917 100.621804264538
-59.2332294190579 178.262490214985 98.6127388196351
-56.6571891439948 183.264083772204 95.850273832894
-54.8509725152428 187.250926782214 93.1181880758826
-52.5091177197308 191.79783001605 90.6068562697543
-50.3341811961124 195.54072250356 89.0696779563476
-48.6948828392541 198.723554767245 87.3117456920578
-46.2857608360845 202.921137578139 85.5234341980382
-44.1780915201237 207.013350488591 83.2632355725227
-41.4002496220878 210.966982776985 82.6698315221078
-39.7609512652294 214.14981504067 80.911899257818
-38.657291075131 216.772587080529 78.9332130426451
-38.022001844135 218.485978473621 77.4567931886979
-37.6208980926902 219.74467954333 76.2315065153635
-36.6841561744854 221.563440836864 75.2269737929122
Dend
11 E(0)
Dbegin
polygon
-42.1556768128531 327.226963632471 164.086033250356
-43.0642379065283 328.107908385392 167.609054113114
-43.714819668599 327.226963632471 172.107127890355
-44.323030812409 325.465074126628 177.538344493726
-44.0264364845835 319.298460856181 184.070344276637
-43.1253866349879 311.369958079891 189.794931498476
-41.4466431685392 301.679565797759 193.820873421465
-39.0325767034983 291.108228762706 195.215027219473
-36.4876427616352 281.417836480574 194.784805453573
-34.9360111499688 274.370278457206 196.011318898171
-32.6066859214494 265.560830927995 195.539187043918
-30.7085781196173 258.513272904626 194.983235012961
-28.1636441777543 248.822880622494 194.553013247061
-26.4811450892658 242.656267352047 193.955151127751
-24.2365610972679 235.608709328678 191.616733621238
-20.9563041568126 225.037372293625 188.554723730358
-17.9340265479617 216.227924764414 184.517660924995
-15.3853369840588 210.061311493966 179.463635116796
-12.6634093250731 203.894698223519 173.51837657082
-11.3660014229714 202.132808717677 169.146033058637
-12.1860656580852 204.77564297644 169.911535531357
-13.4797179381472 210.061311493966 169.660075001242
-15.1622170266356 216.227924764414 170.257937120552
-17.3183041600722 225.037372293625 169.838836237027
-19.4320206752479 232.965875069915 170.352878179632
-21.1568903819972 240.013433093283 170.017597472811
-23.5285862287773 249.703825375415 169.556586500934
-25.6423027439531 257.632328151705 170.070628443539
-27.7983898773896 266.441775680916 169.651527560013
-29.350021489056 273.489333704284 168.425014115415
-30.8592824824616 279.655946974732 168.131643496948
-32.6265228074716 287.584449751022 166.863219963997
-34.5670012275645 295.512952527312 166.486029168825
-35.7721566490651 302.56051055068 163.477050248671
-37.2814176424706 308.727123821128 163.183679630204
-38.7483080176154 314.012792338654 163.823451837866
-39.7839809660729 317.536571350339 164.547044222234
-40.6040452011868 320.179405609102 165.312546694954
-41.4664800545614 323.703184620786 165.144906341544
Dend
12 E(0)
Dbegin
polygon
-81.1541649452533 372.832405448489 191.113416146123
-84.8787532286053 373.733846818914 192.527045145107
-89.2216141010604 372.740908026187 194.908132138595
-94.321802887834 370.795695961757 197.983765684471
-99.6230982880638 364.129783059831 202.845591551195
-103.749899798328 355.589822755265 207.831605191873
-105.805824179094 345.185981428315 212.520171496231
-105.033543516041 333.870532350685 216.21674391188
-102.607551699136 323.517522925014 218.797134664865
-102.391492336945 315.970501413175 221.402061312055
-100.104555845255 306.559598878951 223.709540622926
-98.0957300039966 299.032910127624 225.471197049567
-95.6697381870912 288.679900701953 228.051587802553
-93.7999676710481 282.095318842074 229.54033278708
-89.9983753507211 274.588962851258 230.458718993172
-84.7441784899978 263.324345674906 232.047115857448
-78.8717090401715 253.954108661706 232.66805472722
-72.5200223264578 247.420358703106 232.048624160374
-65.2719523732099 240.896775124761 231.007558483254
-60.5119255251082 239.063393243144 229.44520581611
-61.825474740289 241.879547537232 229.048106600041
-62.6598066915824 247.532188885919 227.410637947354
-64.5295772076255 254.116770745799 225.921892962827
-65.9201304597812 263.537839660278 223.192778541682
-68.0680116262555 272.006635303053 221.158210672926
-69.1804542279801 279.543490434636 218.97491913601
-70.7100628053513 289.906666240563 215.97289327275
-72.8579439718256 298.375461883338 213.938325403994
-74.2484972239813 307.796530797817 211.209210982849
-74.4645565861717 315.343552309656 208.604284335658
-75.4379438626807 321.938300549791 206.693904240856
-75.7930585500867 330.427428953078 203.816066151551
-77.0445564770269 338.906390976109 201.359863172521
-75.4678493601491 346.47374524846 197.911666304781
-76.4412366366581 353.068493488595 196.001286209979
-78.1719518274856 358.710968457027 194.785452667567
-79.624556367882 362.469229642562 194.115442009383
-80.9381055830628 365.28538393665 193.718342793314
-81.4943268839251 369.053811502442 192.626697024856
Dend
13 E(0)
Dbegin
polygon
-51.7576594899711 397.898342760702 195.773469901809
-51.5538422625401 400.694026033 197.540013213853
-50.6558659349887 402.918058373531 200.86225573551
-49.3495993043226 405.135138337781 205.245058186069
-46.4915671825193 405.08647170381 212.668977688378
-43.184218972814 403.350661779667 220.517755103922
-39.5499761813157 399.369962386147 228.225969784513
-35.9971291111394 393.151325899533 234.73306180125
-32.974993850187 386.381895609997 239.614173240896
-30.565621968033 382.422053345322 244.140708134784
-27.8293555040862 376.217321611271 248.526680293717
-25.6648266341505 371.14198698819 251.922373891227
-22.6426913731981 364.372556698654 256.803485330873
-20.764031300268 359.861920631057 259.70403964767
-18.8443454425507 353.67109364957 261.968891948801
-15.9036059029201 344.663726266939 265.648880724593
-13.6570254634099 336.228009816075 267.773170290771
-12.3904729210256 328.928642852462 267.846621366623
-11.2463418847505 321.071529709646 267.354651794286
-11.2867118212851 317.153401702661 265.517827114765
-12.0218967061927 319.405243548318 264.597829920818
-13.7371094882263 322.793434881227 261.626994236544
-15.6157695611564 327.304070948824 258.726439919747
-18.4744575312124 332.951056503671 253.775047112624
-20.9248551981536 338.591089682238 249.884214234402
-23.2118055741984 343.108678126116 245.923099988704
-26.35636234126 349.320362236448 240.476567900869
-28.8067600082013 354.960395415015 236.585735022647
-31.6654479782573 360.607380969862 231.634342215524
-34.0748198604112 364.567223234537 227.107807321637
-36.0759014394504 368.520113122931 223.641832356651
-38.77114211861 373.044653943091 218.620158182051
-41.3439612916604 378.126940942454 214.16390465564
-43.9981761860326 380.971290848722 208.506528465375
-45.9992577650718 384.924180737116 205.040553500389
-47.5920490409963 388.870118249227 202.635138464304
-48.6131027229095 391.68665865037 201.220001989644
-49.3482876078172 393.938500496027 200.300004795696
-50.4917627958396 396.197294717966 198.319447672847
Dend
14 E(0)
Dbegin
polygon
-78.0235733049318 399.050567145963 213.511611597383
-79.3837072985486 401.873837930873 213.609257482368
-81.140486126105 404.858744465045 215.352451381675
-83.2687491940297 408.247145391575 218.020688165048
-85.8691388766078 411.071606138081 224.49598835351
-88.1735260995315 412.766996562941 232.207761048673
-89.8355872160037 412.687963630703 240.951468496726
-90.4838379856561 410.431012949009 249.802067813605
-90.4142808681431 407.125214839503 257.523086492607
-90.9618892635104 405.835698730191 263.491665288462
-90.8671715524261 402.771759263781 270.492178837209
-90.7221326541994 400.191537083562 276.051682125444
-90.6525755366864 396.885738974056 283.772700804446
-90.4823760448884 394.547375436933 288.611698962425
-89.6446898530675 390.676447185807 293.76212674304
-88.5613223887348 385.192731326845 301.590037290867
-87.0813100904625 379.54737971862 307.772399824372
-85.1794923646793 373.982251004229 311.5887092133
-82.9313509920991 367.771769254385 315.200480848418
-81.2500539452565 364.061286790926 315.618802339878
-81.5208958113397 365.432215755666 313.661824702921
-81.369932249912 366.88336761424 309.338793921387
-81.5401317417101 369.221731151363 304.499795763407
-81.2885258059973 371.64031758232 297.294744460851
-81.4084041106528 374.462398405635 291.01473604236
-81.2071193620826 376.3972675504 285.250695000315
-80.9303528327985 379.057712624452 277.325138567502
-81.050231137454 381.879793447767 271.045130149012
-80.7986252017412 384.298379878723 263.840078846455
-80.2510168063739 385.587895988035 257.871500050599
-80.074892651375 387.280906489705 252.82796413881
-79.5021236624364 388.812281242112 246.138880212698
-79.2756783202949 390.989009029973 239.654334040397
-78.0354226313336 390.987819068378 233.276679736921
-77.8592984763346 392.680829570047 228.233143825131
-78.054658561704 394.777334464075 224.114650797408
-78.3003398342159 396.390122071911 221.437168030195
-78.5711817002991 397.761051036652 219.480190393238
-78.4705393260139 398.728485609034 216.598169872216
Dend
15 E(0)
Dbegin
polygon
-32.0886823007815 328.918833969048 82.3892520677325
-32.6938716288782 331.594298995973 82.7086530883632
-32.0017230821165 334.938630279629 82.6925149029301
-30.6560745302219 338.951827820017 82.525455049754
-26.0815744942922 343.633891617136 81.4690033755524
-20.2290608543185 347.647089157524 80.0096207541321
-13.108195745708 350.322554184449 78.1136113149156
-5.37247917359366 350.991420441181 75.931896725646
1.70007525798064 350.322554184449 73.8674079335419
6.86044035119261 350.991420441181 72.4241634975547
13.2891569130413 350.322554184449 70.5442922437712
18.4301977354388 349.653687927718 69.033656066629
25.5027521670131 348.984821670987 66.9691672745249
29.9999551196851 348.315955414255 65.6431486357032
35.1216716712681 346.309356644062 64.065120717406
42.8090775663463 343.633891617136 61.7149267752488
49.1991455865661 340.28956033348 59.7002720391553
53.6480378622019 336.276362793092 58.2057740474461
58.0872680024305 331.594298995973 56.6775801851594
59.3266330648455 328.249967712316 56.1398657556306
57.404781591076 328.918833969048 56.7274142411699
53.5417543727224 328.918833969048 57.8351194710935
49.0445514200505 329.587700225779 59.1611381099152
42.6061727227946 329.587700225779 61.0073134931211
36.8212940306715 330.25656648251 62.702567208584
31.6705910728667 330.25656648251 64.1795075151487
24.5883745058852 330.25656648251 66.2103004366753
18.8034958137621 330.925432739242 67.9055541521381
12.3651171165061 330.925432739242 69.7517295353441
7.20475202329415 330.25656648251 71.1949739713313
2.697886935215 330.25656648251 72.4872967395755
-3.10631602772257 329.587700225779 74.1151587138833
-8.90085685525291 329.587700225779 75.7767165587687
-14.0805462192793 327.581101455585 77.1525692536009
-18.5874113073585 327.581101455585 78.444892021845
-22.4407763903048 328.249967712317 79.5862931223461
-25.0064657338 328.918833969048 80.358459146206
-26.9283172075695 329.587700225779 80.9460076317453
-29.5036686864719 329.587700225779 81.6844777850277
Dend
16 E(0)
Dbegin
polygon
-67.1667312291498 359.953867016396 102.28875615378
-66.9107351391529 358.643740299551 100.472118437179
-67.7291544409561 356.7535162908 98.5933088096374
-69.1160271726485 354.395446373562 96.478110596396
-73.0952011818734 351.120525014157 94.823390496495
-78.0238076469415 347.976695412978 93.9277090065743
-83.8393550998743 345.319552095091 94.2016713870944
-89.9733901107824 343.616940968983 95.8816662237554
-95.4764802238228 342.737770276428 98.2086549065769
-99.5866673870877 341.484164684 99.1917830441974
-104.583795538217 340.717245374865 101.344555052259
-108.568999765525 340.17482883257 103.1488937108
-114.072089878566 339.295658140015 105.475882393621
-117.551332143963 338.86549298114 107.106004377402
-121.411553435314 339.034265488978 109.731553556864
-127.23313110633 339.109626988201 113.464574695826
-131.980293385545 339.765085779331 117.259767745728
-135.14707831105 341.112893245787 120.942916031811
-138.251371768576 342.81629523731 125.036669578353
-138.950838352506 344.369765095801 127.438129230175
-137.495443934752 344.350924720995 126.504873945434
-134.459672163287 345.024433021516 125.459573896874
-130.98042989789 345.454598180391 123.829451913093
-125.920810278782 346.577112014592 122.087285165492
-121.429644089563 347.231779940307 120.10872983219
-117.381948394277 348.129791007668 118.714996434109
-111.816366813258 349.36455622529 116.798613011748
-107.325200624039 350.019224151005 114.820057678447
-102.265581004931 351.141737985207 113.077890930846
-98.1553938416659 352.395343577634 112.094762793226
-94.6136601082903 353.181103261575 110.875246069905
-89.9975109831145 354.546960237423 109.717901257524
-85.4438533259173 355.557222688204 108.149951184683
-81.2086832266954 357.522017330764 107.988033567983
-77.6669494933198 358.307777014705 106.768516844662
-74.6936691898334 358.62569079016 105.312611535642
-72.7323128101687 358.719101798774 104.205139576141
-71.2769183924147 358.700261423968 103.2718842914
-69.2530705447715 359.149266957649 102.57501759236
Dend
17 E(0)
Dbegin
polygon
-18.9700484918933 393.193301889147 106.290555745267
-16.4873936105772 397.046875120564 107.979897465176
-11.6104954629639 399.874325628465 110.153509377562
-5.12761162503919 402.559882760125 112.783864921315
6.11428820714033 401.566629126442 115.981070340878
18.1149750769661 398.062580827171 118.804111812409
30.0567208701126 391.305401891277 120.823772265651
40.3335398962685 381.436985695002 121.58330806924
48.1866451177876 370.968126903932 121.456883171207
55.31043384 364.63662809676 122.106312730351
62.3752814855332 355.051998652966 121.952361271207
67.8636139790947 347.235827903723 121.743356689841
75.7167192006137 336.766969112653 121.616931791809
80.4167941181893 329.835027710686 121.380400649332
84.2696703830998 320.534185019373 120.312961927455
90.4578488376282 306.954088967921 118.926412379769
94.2517840258595 294.400115639985 117.055592639605
94.8632183718076 283.756494382842 114.672976145852
94.6569246034302 272.370537154663 111.861142581845
92.1447991837745 266.890398604934 109.770110352792
90.5977545701424 270.285422617797 110.116747739714
85.8682091142272 275.590798701453 109.951588373047
81.1681341966516 282.522740103419 110.188119515524
73.2855584367929 291.365033576178 109.912853904413
67.0089683672456 300.065433672697 110.094331924668
60.7029077593587 307.139268450904 109.874119435779
52.0320744235141 316.865791270939 109.571327263556
45.7554843539668 325.566191367457 109.752805283811
37.8729085941081 334.408484840216 109.4775396727
30.7491198718957 340.739983647388 108.828110113556
25.2313168399946 346.929589078319 108.635424185778
17.3192705417963 354.145317232767 107.958468065523
10.2249523579235 362.10338135825 107.710729015523
1.46570740706004 366.950208223351 106.202865315868
-4.05209562484104 373.139813654282 106.010179388091
-7.96391296643076 379.187525708973 106.274237091679
-10.2992151560487 383.466779069112 106.593347917489
-11.8462597696809 386.861803081975 106.939985304411
-14.9992900736243 390.398720471078 106.829879059967
Dend
18 E(0)
Dbegin
polygon
-75.2340354514391 413.619381756276 70.6168357019072
-72.7623470101178 411.945150745029 73.9360252769381
-70.201783787383 407.914460207327 76.7067968344599
-67.3172136370495 402.388599820344 79.5416905572578
-65.0491651438585 391.922410875381 79.9905457141907
-63.810520016822 380.367522748174 78.5376581574918
-64.1604173297241 368.357815610827 74.5063655390994
-66.4228640101635 357.388459312622 67.8325456937376
-69.5684566919856 348.548153035803 60.4179413350383
-70.8903747876839 341.023955446298 56.1942822208175
-73.8008353233207 333.044938846654 49.3922180449035
-76.241031566587 326.78850160136 43.8152342345599
-79.3866242484091 317.94819532454 36.4006298758606
-81.5916883454901 312.553047756421 31.4361862483023
-85.1501627363244 307.564370855338 24.5058777418359
-90.2083047856839 299.76441541766 14.4487461561671
-95.3553216164568 294.320919506438 4.94003258800734
-100.356081082458 292.095172798846 -3.40772277985798
-105.915979622243 290.503306263359 -12.4321404957847
-109.181939283533 291.950127769536 -17.0405326016623
-107.917403771194 293.900116628956 -14.526249705245
-106.506610894082 299.067854692006 -10.8510086085334
-104.301546797001 304.463002260125 -5.88656498097517
-101.950225335148 313.075899031875 0.238836846877518
-99.2748969456965 320.193625954344 6.42836084000633
-97.3938397762142 327.083943371744 11.3286823022885
-94.8073861681761 336.558129820668 18.0666243129264
-92.1320577787245 343.675856743138 24.2561483060552
-89.7807363168717 352.288753514887 30.3815501339079
-88.4588182211734 359.812951104392 34.6052092481287
-86.8128931978764 365.841978844617 38.8929905276255
-85.2558429559928 374.227466111297 43.7291898246315
-83.1396536403253 381.979073205872 49.2420514696989
-82.936013692195 390.771031139588 52.1123858877969
-81.2900886688981 396.800058879813 56.4001671672938
-79.3201567180023 401.333916770757 60.7520706120668
-77.8204890594772 404.145195307352 63.8788936912692
-76.5559535471373 406.095184166771 66.3931765876865
-75.6154249623962 409.540342875471 68.8433373188275
Dend
19 E(0)
Dbegin
polygon
-73.1818697848338 449.246752743375 64.6110481309216
-73.0967145765783 448.968222607476 67.4705622722981
-72.5589311545436 447.209212293336 70.5122951359898
-71.7602259239364 444.596765198407 73.9729844166763
-69.9337732639293 438.622707732886 76.9056793356395
-67.7931231968741 431.6209568558 78.7092047535694
-65.4074911261363 423.817905950488 78.7278665587918
-63.0377988602884 416.066991797737 76.542708334312
-60.9982438063785 409.395907809114 73.2828995811631
-59.395377161358 404.153167246168 72.0446921354013
-57.547528512655 398.109126654995 69.021621076932
-56.0830926743657 393.319172858724 66.4720254078216
-54.0435376204558 386.648088870101 63.2122166546728
-52.7708081873733 382.485178471281 60.899358680242
-51.4448031558152 378.148011441686 57.0383747877832
-49.4211879067952 371.529064205624 51.5747460049321
-47.8502008715545 366.390597147803 45.9288984997657
-46.9235484552999 363.359653665672 40.3375699669637
-46.0661114424109 360.555103566879 34.0905473224874
-46.0287756488251 360.432983688665 30.3386013747571
-46.5346794610801 362.087720497681 31.7045085704699
-47.6849178923213 365.849980882387 33.1249347385469
-48.9576473254037 370.012891281206 35.4377927129777
-50.8747113774723 376.283325255717 37.8051696597728
-52.5308536209685 381.700322449438 40.5915030235627
-54.0645048626234 386.716669629047 42.4854045809987
-56.1732753198989 393.614147001008 45.0895192224733
-57.829417563395 399.03114419473 47.8758525862632
-59.7464816154636 405.30157816924 50.2432295330582
-61.3493482604841 410.544318732186 51.4814369788201
-62.6912930969321 414.933622514344 53.1386008415766
-64.4858661471595 420.803406474741 54.613545982018
-66.2112237940212 426.4467970518 56.7441852341335
-67.9525212457728 432.142324381422 56.6710044565469
-69.2944660822209 436.531628163579 58.3281683193034
-70.3754891100964 440.067495164948 60.4042885990547
-71.0730993275583 442.349275371414 62.006933489447
-71.5790031398133 444.004012180429 63.3728406851598
-72.3458287606407 446.512185770234 64.3197914638778
Dend
20 E(0)
Dbegin
polygon
-39.0987299588337 348.986372017972 108.87421593722
-35.9547960528389 348.163394369198 108.244294080866
-32.9181884501018 345.568365125407 107.347207111366
-29.5918805818418 341.897420812297 106.231703761634
-27.5639787231813 334.36601532707 104.702789100013
-27.0168568363855 325.822115334063 103.246044619879
-28.637241755758 316.645499376893 102.031137968551
-32.7148337468217 307.912082524879 101.27648552626
-37.7688528377119 300.634359285801 100.909917111517
-40.2583385536532 294.685488536586 100.350259600884
-44.9153310757628 288.103901823208 100.032439919056
-48.7782704603112 282.914588161229 99.8121177030572
-53.8322895512014 275.636864922152 99.4455492883147
-57.2982023669692 271.143687785873 99.2739758052302
-62.5345954201247 266.713931211131 99.3929888838655
-70.0458215827061 259.879407077209 99.4866746781597
-77.4497214420299 254.816934538305 99.8475255856002
-84.3492684293154 252.222650120118 100.524290339101
-91.9355422509044 250.00814424555 101.370722739919
-96.1632295599834 250.514763912243 102.121563510676
-94.285423019338 252.223394945723 102.098142062102
-91.9032636066543 256.400214099921 102.390634459589
-88.4373507908866 260.8933912362 102.562207942674
-84.4670851030805 267.854756493196 103.049695271819
-80.2071191497515 273.740206680875 103.318766220733
-77.0309065995067 279.309298886472 103.708756084049
-72.66361434292 286.966800669168 104.244992146108
-68.403648389591 292.852250856846 104.514063095022
-64.4333827017849 299.813616113842 105.001550424167
-61.9438969858436 305.762486863058 105.5612079348
-59.1647110043794 310.635442542955 105.902449065202
-56.2781987196575 317.28044981787 106.51085530875
-52.704959600632 323.545678549167 106.94959390498
-51.5889275532978 330.25410638562 107.848586710248
-48.8097415718335 335.127062065517 108.189827840649
-45.7408553248464 338.924102676096 108.312652590819
-43.4660222154204 341.328870235276 108.33797987516
-41.588215674775 343.037501268757 108.314558426587
-40.0001093996526 345.822047371555 108.509553358245
Dend
21 E(0)
Dbegin
polygon
-17.5223098350985 379.875985716216 135.814999587888
-21.0108133330568 380.762265506772 138.899361584973
-24.8712756229094 379.353113384782 143.079626382634
-29.3259931858098 376.76719684366 148.211432958069
-33.4857800971445 368.529845909744 154.872225402486
-36.3844222919712 358.11325691471 161.014559137536
-37.2053680160887 345.575526784274 165.831253408246
-35.3543619964492 332.093419937566 168.370766436843
-32.0925489495607 319.846174435705 169.151556932694
-31.1307288545348 310.838737562661 171.113625870083
-28.0912122887997 299.710159554216 171.750055343132
-25.4962886853713 290.818916532602 172.097762770577
-22.2344756384828 278.571671030741 172.878553266428
-19.8618485162078 270.799095502543 173.081899671071
-15.6338214043771 262.02404633236 171.815245588573
-9.70005661373156 248.832424114227 170.318854842311
-3.39433303119162 237.936233808641 167.726561295473
3.06105286208935 230.454142909018 163.894003925257
10.3329905095715 223.03014893511 159.254265800069
14.8603422428843 221.083298576852 155.507084070815
13.376901045223 224.381204131385 155.88118175738
12.0431221583026 231.093209091881 155.015015620568
9.67049503602766 238.865784620079 154.811669215925
7.44753022449374 250.052459554239 153.368058987904
4.63031013991201 260.062370069269 152.875990537657
2.85193829068487 269.011710016597 151.72110235524
0.40667699799755 281.317052444174 150.133131104417
-2.41054308658418 291.326962959203 149.64106265417
-4.6335078981181 302.513637893364 148.197452426149
-5.59532799314403 311.521074766407 146.23538348876
-7.15140336121778 319.351747220319 145.224856329145
-8.3355199373971 329.477851586779 143.118426368955
-10.3361882677776 339.545859027523 141.819177163736
-9.66490485440115 348.669489751996 138.242746716404
-11.2209802224749 356.500162205909 137.232219556789
-13.3713108635965 363.15407024069 137.173234174948
-15.0770485424112 367.570643288639 137.402970838711
-16.5604897400726 370.868548843173 137.777068525277
-17.4496756646862 375.343218816837 137.199624434068
Dend
22 E(0)
Dbegin
polygon
37.2059761591719 420.968157781407 150.046116042584
37.260524256569 422.242568543286 152.542188046417
38.1160428928223 422.543666403722 155.888042303547
39.4226060614841 422.445636070232 159.983339146268
42.5799177883445 419.651738712749 165.229437245402
46.3359630021387 415.534415426642 170.027111762064
50.5896231769055 409.918609698321 173.727259778367
54.8898537802364 403.203449721711 175.580438708722
58.6379213251976 396.712361425437 176.035072135601
61.5384479027385 392.293940278894 177.486892395132
64.9365894412522 386.377036690137 177.841186154306
67.6348789668709 381.608502516413 177.994800578067
71.382946511832 375.117414220138 178.449434004947
73.7313100310032 370.923064753931 178.502708761003
76.2273625046996 365.804417553026 177.358117348995
80.0220004782248 358.213975008463 175.965781689925
83.0156679128939 351.596845365344 173.723663777559
84.8584388022593 346.527213331184 170.531423944191
86.6000911656637 341.282524783433 166.690081192938
86.7943505487529 339.258872800447 163.645245938926
85.8456910553716 341.156483436587 163.993329853693
83.7461350166867 344.601591681687 163.391291847458
81.3977714975155 348.795941147895 163.338017091402
77.8985114330407 354.537788223062 162.334620414344
74.8502959009745 359.880507104303 162.080666322876
72.0508878493947 364.473984764436 161.27794898123
68.2017017784724 370.79001654712 160.174212636466
65.1534862464063 376.13273542836 159.920258544998
61.6542261819315 381.874582503527 158.91686186794
58.7536996043905 386.29300365007 157.465041608409
56.3042175592581 390.312296602687 156.762663934468
53.0537649752697 395.304902456747 155.210504007231
49.9044309172423 400.472564824397 154.307446997878
46.8016672877791 404.540872943759 151.557420902577
44.3521852426467 408.560165896376 150.855043228637
42.353747729923 412.180330655067 150.902108140286
41.0551622300942 414.652125998724 151.149852387348
40.1065027367129 416.549736634864 151.497936302115
38.706798710923 418.846475464931 151.096577631292
Dend
23 E(0)
Dbegin
polygon
42.601874928391 438.688469973883 112.416967819001
42.6304040000365 438.254294237543 114.407796519135
43.5421552357836 437.161822043665 116.487804966477
44.9477553484367 435.655387847116 118.838560906727
48.4046974867785 432.757653828425 120.733793357083
52.5359106098014 429.540878447799 121.813575077431
57.236919127795 426.17468925304 121.625590829161
62.0138741638535 423.07304824682 119.899093119365
66.1925047332957 420.554996791072 117.449532678053
69.4119666205715 418.430693604324 116.449305951059
73.201223902818 416.156976603444 114.181313255447
76.2117346106732 414.3719285123 112.276456051236
80.3903651801155 411.853877056552 109.826895609924
83.011502600775 410.313163420276 108.103606151413
85.8130621292096 408.867370424737 105.294118469985
90.0676392167166 406.613867157526 101.306044567148
93.438994140122 405.018660347854 97.2287909171023
95.5377536122301 404.326084450588 93.2439252655495
97.5320374946279 403.803136101125 88.8067443753883
97.7884061204678 404.162604930399 86.1820326909456
96.724761848591 404.725980747201 87.179051166655
94.3885221254169 406.191987476411 88.268457640857
91.7673847047574 407.732701112686 89.9917470993677
87.8736518328006 410.176045661368 91.807424556371
84.4737678377497 412.20542820738 93.8938495062825
81.3587815401843 414.160103846326 95.3463914718851
77.0756753810317 416.847782849876 97.3436366745888
73.6757913859809 418.877165395888 99.4300616245002
69.782058514024 421.32050994457 101.245739081504
66.5625966267483 423.444813131318 102.245965808498
63.8369836163785 425.155154315395 103.5169400284
60.2281484419071 427.523791957011 104.698734501095
56.7237888571459 429.722802050825 106.332844212398
53.2953757904496 432.186360333177 106.428440462175
50.5697627800798 433.896701517254 107.699414682077
48.337998646616 435.193080698662 109.241136394888
46.8849810875435 436.000790970333 110.419722616298
45.8213368156668 436.564166787135 111.416741092007
44.263843666884 437.541504606608 112.143012074808
Dend
24 E(0)
Dbegin
polygon
66.6663684246463 450.161714026827 124.477600820005
63.6710484986026 448.725001293748 124.760447460967
61.0930687340124 445.533898080987 125.175122149629
58.4141312895581 441.208498742505 125.694462047119
57.7074275305099 433.268425862459 126.427118508921
58.6565749752782 424.60236604625 127.136598278506
61.8808291450446 415.72452106564 127.745398985916
67.4811477196732 407.769187046349 128.148855422322
73.8016794953474 401.462350924539 128.37014427994
77.3288067047059 395.987394321092 128.664949360864
83.1310406390626 390.300652553243 128.859075379612
87.8966788907842 385.854099493316 128.998875720619
94.2172106664584 379.547263371506 129.220164578238
98.4645510768625 375.720804665539 129.332802080374
104.468700370947 372.302655149132 129.317597681465
113.165296551484 366.918329988641 129.33354226808
121.444552570566 363.288395307832 129.217658806996
128.788170586878 362.032945460666 128.942784459341
136.751044124372 361.29169738526 128.590407741728
140.883917412915 362.622517536138 128.257221569679
138.70976836778 363.968598826261 128.253235423025
135.599981319875 367.689164950026 128.090258389801
131.352640909471 371.515623655992 127.977620887665
126.169662496296 377.716567195602 127.705992498958
120.885726403257 382.78321460949 127.539029319081
116.739343672717 387.743969441177 127.321726608116
111.038067418224 394.565007334747 127.022935380539
105.754131325185 399.631654748635 126.855972200661
100.57115291201 405.832598288244 126.584343811954
97.0440257026515 411.307554891692 126.289538731031
93.4159408134289 415.648215369418 126.099398858937
89.3705157627528 421.743266326826 125.777430939143
84.7058351908952 427.324115512474 125.532965389307
82.4172190238997 433.827475659442 125.083155568467
78.7891341346772 438.168136137168 124.893015696373
75.0600915655906 441.374500489173 124.807541033107
72.3676446791389 443.340676133257 124.776392047583
70.1934956340049 444.68675742338 124.772405900929
68.1203042687348 447.167134839223 124.663754545446
Dend
25 E(0)
Dbegin
polygon
54.8242349845865 464.68553791763 153.90021563204
53.3133071394374 465.777115501762 154.801506517661
52.1538304960585 466.938530335099 156.766949398546
51.0217236486464 468.260030038454 159.423731264091
51.2133122204143 469.380624128576 164.263104156711
52.3497752136253 470.070390486243 169.529577096483
54.7278242381157 470.078996620625 174.904624109351
58.3200894979188 469.246357661705 179.696906210653
62.1816965715915 468.003301341938 183.47932335324
64.4776362081814 467.531652866268 186.780353412127
68.0151618760508 466.378844167313 190.18995754411
70.9045247323136 465.406530709984 192.853935654885
74.7661318059863 464.163474390216 196.636352797471
77.3314132564458 463.281408553699 198.927517897642
80.8141993323815 461.808430114709 200.954444060305
85.8900226413668 459.72412870164 204.154096291327
90.614394748582 457.569990039365 206.289596527085
94.6632342482237 455.436261748699 206.988131756975
99.0087853577019 453.052200967202 207.368141012809
101.140506218491 451.620043271427 206.521137163735
99.8715503912444 452.141118624695 205.72122410598
97.9270619564247 452.682604349569 203.484346042357
95.3617805059652 453.564670186087 201.193180942186
92.1209664479322 454.467146394212 197.465050836147
88.9075221858661 455.529707472354 194.428259714768
86.3148709394398 456.251688438854 191.445755629937
82.7499754756035 457.244412267791 187.344812513294
79.5365312135374 458.306973345933 184.308021391916
76.2957171555045 459.209449554058 180.579891285877
73.9997775189146 459.681098029728 177.27886122699
71.7312076782915 460.312831375416 174.669170152762
69.1111866358983 460.874727471898 170.995327083271
66.1944539836687 461.68695605921 167.640009987836
64.4919375667516 461.657939553221 163.701927980837
62.2233677261286 462.289672898908 161.09223690661
59.9821676814724 463.081491114613 159.173884817042
58.3891304484227 463.692814088693 158.001158748683
57.1201746211764 464.21388944196 157.201245690928
55.8238489979632 464.57487992521 155.709993648512
Dend
26 E(0)
Dbegin
polygon
13.7086768387857 414.394983195956 168.315525033921
14.4181172802868 417.498529667609 171.681856721307
16.1552668581703 419.207042101004 176.867985985169
18.5421926719885 420.485374121107 183.439150756784
23.0906263235316 417.474111228057 193.134399311047
28.1230824404827 411.998467873406 202.748898563732
33.3677176873546 403.523770845481 211.332375075809
38.1747558282124 392.480200557575 217.499793339528
42.0601743976484 381.332137471289 221.331902656467
45.355480936716 374.147981683242 225.760272645289
48.8629666057044 363.964772221922 229.157619893504
51.6145864737976 355.711270010531 231.685443004271
55.5000050432336 344.563206924245 235.51755232121
57.8736920108793 337.274558337819 237.610613363252
60.0816252079982 327.951709703084 238.237889595964
63.5294466714202 314.234773356818 239.653940664544
65.9495589984598 301.912871048809 239.250194156649
66.9640292886697 291.950856404022 236.591888003553
67.7066562433923 281.454168547564 232.983308411429
67.1033053668515 276.851095239274 229.10146535374
66.241350000996 280.280329325841 228.747452586594
63.9737525983107 286.06945107563 226.138880174249
61.600065630665 293.358099662056 224.045819132207
57.8207366261894 303.006635911704 219.698198444964
54.6911838576486 312.22499174806 216.735613265473
51.6677206540681 319.943820747779 213.257516715679
47.510458749145 330.557210622392 208.475133959712
44.3809059806042 339.775566458748 205.512548780221
40.6015769761286 349.424102708397 201.164928092978
37.306270437061 356.608258496444 196.736558104157
34.6607401339281 363.362233871198 193.693223623087
30.9875006944129 371.511243284209 188.830091565541
27.5861045903849 380.194925908893 184.917232947022
23.7471113803429 386.309735273596 178.588316080145
21.10158107721 393.06371064835 175.544981599075
19.1058270100119 399.387505609811 173.886682625757
17.8659387437088 403.781593321342 173.097907789888
17.0039833778533 407.210827407909 172.743895022742
15.4922517760631 411.070241907768 171.004846747845
Dend
27 E(0)
Dbegin
polygon
-15.1806281512287 427.402589023215 180.879498800547
-17.4039919185685 429.353623735438 181.909975654413
-20.0762103057815 430.602856198988 184.420930977448
-23.2448327892951 431.678980159079 187.868871767118
-26.7196614633995 430.467220634859 194.427770033562
-29.555437611921 427.842488378462 201.680161840975
-31.2082076621314 423.449198148134 209.232554725256
-31.1815675177301 417.460458447336 216.147963219772
-30.1145697043001 411.289242008246 221.732893783553
-30.2781274656086 407.415277288298 226.47433026793
-29.258679128606 401.77275459442 231.515767829176
-28.3343297444584 397.187619390967 235.470219385353
-27.2673319310284 391.016402951877 241.055149949134
-26.3905320233082 386.959961493636 244.466108502777
-24.3782754937043 381.663655806678 247.633575130753
-21.6318674856626 373.896989897117 252.581521304768
-18.4366048577478 366.832126236229 256.048989009614
-14.8400370863871 360.997758569226 257.492485242756
-10.6995157422984 354.80780566047 258.542489011797
-7.88464892580314 351.972491961282 257.662012696366
-8.57125092781356 353.914158438672 256.425026152862
-8.85654778637825 357.086320909947 253.164068137654
-9.73334769409846 361.142762368187 249.753109584012
-10.2088424583729 366.429699820313 244.318179558665
-11.180741318948 371.543528768978 239.820234999954
-11.5611371303676 375.773078730679 235.472290979676
-12.0841813710695 381.588709928017 229.493867951795
-13.0560802316446 386.702538876682 224.995923393084
-13.5315749959191 391.989476328807 219.560993367737
-13.3680172346106 395.863441048755 214.81955688336
-13.7008635696028 399.564297265243 211.015105865618
-13.5848552847217 403.966955730403 205.730176378706
-14.0128005725687 408.725199437316 200.838739355894
-12.7613356658041 411.887993673759 195.310317943316
-13.0941820007962 415.588849890246 191.505866925574
-13.923432432089 419.116597603274 188.638401374466
-14.6575839105268 421.586957825877 186.857921828428
-15.3441859125372 423.528624303267 185.620935284924
-15.534383818247 425.643399284117 183.446963274785
Dend
28 E(0)
Dbegin
polygon
5.19227870772351 450.414033357956 196.614258525395
3.55842869637708 452.03817385355 196.683121128183
2.0665413711249 454.141332028385 197.897738261035
0.471983314664377 456.691071191199 199.756537088677
-0.246711803794074 459.817138107045 204.265808952206
-0.128835939136357 462.593934108704 209.635617626768
1.17291505714848 464.607314899462 215.723354252847
3.7612119162688 465.41069949134 221.884837135653
6.79948365510842 465.353358798526 227.259529464153
8.40924684501831 466.02699662535 231.414721005863
11.2028851665553 465.937219241272 236.287840499089
13.5072566534871 465.782568474667 240.157814321767
16.5455283923268 465.725227781853 245.532506650268
18.6052664619559 465.538140323985 248.900907637671
21.6042462459097 464.555200963951 252.485663741318
25.9290638475848 463.287864072258 257.934102326546
30.1119187631656 461.541509501323 262.23678638171
33.9081775753496 459.283700559882 264.892143071536
38.0517405360445 456.611747321728 267.404890901846
40.2775281132045 454.605899220683 267.694992274816
39.1963237127857 454.922733443607 266.332882628509
37.7285232089701 454.728113296025 263.323445616864
35.6687851393409 454.915200753893 259.95504462946
33.2224509663148 454.590833841256 254.939316276718
30.6734460620804 454.713047916598 250.567769618766
28.7163787236596 454.453554386488 246.555186936572
26.0254111333309 454.096750782588 241.037885748556
23.4764062290965 454.218964857929 236.666339090604
21.0300720560704 453.894597945293 231.650610737862
19.4203088661606 453.220960118469 227.495419196152
17.7078749450423 452.993903279623 223.984409349233
15.8534783378298 452.287828761536 219.327644972249
13.6517775821064 451.995898540163 214.813489454782
12.7366226892184 450.49397211991 210.373080194041
11.0241887681001 450.266915281065 206.862070347122
9.20908411577355 450.486439430197 203.995242194992
7.88324629805217 450.770836961857 202.131559713411
6.8020418976334 451.08767118478 200.769450067104
5.82350822842297 450.957924419725 198.763158726007
Dend
29 E(0)
Dbegin
polygon
-36.5871440584772 404.876978387824 125.690878749925
-40.0289102348718 405.115582258353 126.363702165424
-43.7591099146383 403.901459364176 128.236661256668
-48.0319688936552 401.906777586332 130.851120547271
-51.8305839884083 396.442865400666 136.041621942779
-54.3238623962752 389.743008455549 141.866529568089
-54.7149190221271 381.91559775361 148.042978700229
-52.4610945667133 373.741192178514 153.829469139843
-48.8677257169201 366.455736489712 158.591594657126
-47.6308044450207 360.970002438773 162.543543191192
-44.291661391106 354.35671463101 166.847033232089
-41.4609699289485 349.087762585326 170.233252320212
-37.8676010791553 341.802306896525 174.995377837495
-35.2911354128764 337.205522731879 177.922961449231
-30.8666737604609 332.15335269145 180.743451091411
-24.6284238294021 324.520902129492 185.115617916167
-18.1017403949715 318.34117833224 188.287649065178
-11.5408492530475 314.286349180733 189.800909062057
-4.18307301599458 310.339911031853 191.031304335964
0.309804051407561 309.537530282913 190.53425167388
-1.24975843135713 311.445642923403 189.441209967692
-2.7751132066285 315.478650209637 186.689397109371
-5.35157887290743 320.075434374282 183.761813497634
-7.89383683169305 326.797113184672 179.175458733766
-10.9787540897291 332.738233111395 175.330604169257
-13.0125604567576 338.115576159707 171.661520358162
-15.8090442114218 345.509422851136 166.616530117907
-18.8939614694578 351.45054277786 162.771675553397
-21.4362194282435 358.17222158825 158.185320789529
-22.673140700143 363.65795563919 154.233372255463
-24.4527212712929 368.363130806463 151.022923920756
-25.9438683390709 374.521032738441 146.612339910303
-28.231900501978 380.570543667792 142.484620622821
-27.8750515836195 386.273059723987 137.966942642813
-29.6546321547694 390.97823489126 134.756494308105
-31.9768720251698 394.902851174866 132.287546172755
-33.790660303813 397.483131696395 130.73586899018
-35.3502227865777 399.391244336884 129.642827283991
-36.367125970092 402.07991586104 127.808285378444
Dend
30 E(0)
Dbegin
polygon
-50.6474882022192 417.58944565567 83.5286276568142
-49.8271214952655 417.372568036467 85.4691206358684
-48.6319148377163 416.07000503556 87.4017520762836
-47.1373119068413 414.140185976018 89.5456263262387
-45.0415379935613 409.74939356557 91.0243259930179
-43.0188293217974 404.610569244553 91.6344698057204
-41.2931384876057 398.892539748537 90.9457106066274
-40.1638617643117 393.222561136156 88.746805586199
-39.5579339103994 388.348665317978 85.9063105985119
-38.7304318961848 384.512403997868 84.5838229707993
-38.1999477195422 380.096937502758 81.9624323312911
-37.8203508974394 376.598329653784 79.7792503881408
-37.214423043527 371.724433835606 76.9387554004537
-36.910269898694 368.684255309699 74.9746778054823
-36.9785782687029 365.52330093186 71.9308015468944
-36.9690645256884 360.697455997318 67.5801607378719
-37.3343907332693 356.957296444478 63.2373814674884
-38.1500005687157 354.76125159641 59.121568083923
-39.189563000218 352.73403348391 54.5754075426387
-40.1584386259577 352.661308515613 51.9854630576867
-40.1608170617113 353.867769749249 53.0731232599423
-40.6134791253304 356.618345687655 54.3877493490159
-40.9176322701634 359.658524213562 56.3518269439873
-41.6720690428618 364.24281744424 58.5428704257766
-42.1271095422345 368.199854616282 60.9451567171059
-42.7306589603932 371.867289200824 62.6979915025373
-43.5605394103615 376.91001175457 65.1081393325056
-44.0155799097341 380.867048926612 67.5104256238349
-44.7700166824325 385.45134215729 69.7014691056242
-45.5975186966471 389.2876034774 71.0239567333369
-46.125624437536 392.496608738874 72.5576871705894
-47.0285701290205 396.791299382052 74.099279146481
-47.707563224449 400.917163289662 76.0712182800914
-48.9829704307754 405.091078080907 76.5330115923664
-49.5110761716643 408.300083342382 78.066742029619
-49.7397856392274 410.881832545221 79.8117152764114
-49.8176077522509 412.546723101924 81.1184798268459
-49.8199861880045 413.75318433556 82.2061400291016
-50.1217608970839 415.586901627831 83.0825574218173
Dend
31 E(0)
Dbegin
polygon
-67.4326799934492 451.830368697887 120.173590119303
-71.9549918818983 453.372188308626 122.232929655405
-75.7534035194637 455.565744276077 126.940437235147
-79.6521274496992 458.292689287338 133.347964787589
-80.3543134983897 462.026412594013 145.248104596489
-78.483549623749 465.581788795579 158.292668645508
-73.115310989553 468.543776161126 171.729785032884
-64.1492853031318 470.378985646843 183.859433785919
-54.1584224878167 471.26576435784 193.537190664493
-48.4892469756105 472.627584591955 201.87424713377
-39.3225967038492 473.396015990052 210.603855941404
-31.8043715191953 473.927752762347 217.43716860716
-21.8135087038802 474.814531473343 227.114925485734
-15.1194960627801 475.227920932738 233.00009008055
-5.75222120567857 474.929574243213 238.329658942784
7.83642866186182 474.68957507438 246.699948187017
20.7011782785185 473.797839548836 252.422069387609
32.0178151007378 472.13602035368 254.547874473623
44.2589767591809 470.059159427614 255.921807657876
50.5300260274076 468.220645398865 254.058744290952
47.1328635605225 468.280645191074 251.966171979894
42.1875882992 467.57056131367 246.277283554257
35.4935756580999 467.157171854275 240.392118959441
27.2514502225623 465.973698725269 230.910638250046
18.9090124943547 465.323614640074 223.129177513351
12.3153121459247 464.376836136869 215.543992945835
3.24897416683341 463.075015694962 205.1143641655
-5.0934635613742 462.424931609766 197.332903428805
-13.3355889969117 461.24145848076 187.85142271941
-19.0047645091179 459.879638246645 179.514366250134
-24.7742523139942 459.05120705634 172.877329753557
-31.2676403697541 457.571039509325 163.592125213341
-38.6855532617379 456.505913693219 155.058792574885
-42.5056791014964 454.314009997284 145.217992302088
-48.2751669063727 453.48557880698 138.580955805511
-54.144967003919 453.190536660486 133.643939281635
-58.3663420143579 453.132189139793 130.603218899637
-61.763504481243 453.192188932002 128.510646588579
-65.060354655458 452.718799680399 124.718054304821
Dend
32 E(0)
Dbegin
polygon
-54.1307478824272 473.040394279543 78.5259316624467
-54.7452498379659 476.25412663038 79.3063635298726
-53.757973264519 480.271292068926 79.7452224975362
-51.9490977255844 485.091890595181 80.0810333950459
-46.1979049671704 490.715922209146 79.3596969039683
-38.9277724837505 495.536520735402 78.0258339942197
-30.1801196773144 498.750253086239 75.9439679063456
-20.7765455133498 499.553686173948 73.2171467105
-12.2359897168627 498.750253086239 70.4578968253539
-5.95313380688967 499.553686173948 68.6851749479416
1.80724242609954 498.750253086239 66.1644498924039
8.00725953209295 497.946819998529 64.1207744960829
16.5478153285801 497.14338691082 61.3615246109368
21.9676528710756 496.339953823111 59.5563740442241
28.0848311730894 493.929654559983 57.2417451289942
37.281308327105 490.715922209146 53.8375401358767
44.876006952135 486.6987567706 50.7749080425214
50.0887474846815 481.878158244345 48.2923736785367
55.2600686152382 476.25412663038 45.6743625550976
56.613330732285 472.236961191834 44.519929098609
54.3142114437811 473.040394279543 45.3709803468884
49.6331340627937 473.040394279543 46.8021293245384
44.2132965202981 473.843827367252 48.6072798912511
36.4115008853191 473.843827367252 50.9925281873344
29.4313042158278 474.647260454961 53.2747284132638
23.1898677078446 474.647260454961 55.1829270501305
14.6078925093677 474.647260454961 57.8067001758222
7.62769583987641 475.450693542671 60.0889004017515
-0.174099795102599 475.450693542671 62.4741486978349
-6.45695570507561 474.647260454961 64.2468705752472
-11.9182126495609 474.647260454961 65.9165443825055
-18.9812481230318 473.843827367252 67.9277910895261
-26.0028641945129 473.843827367252 70.0745145560011
-32.3685589084656 471.433528104124 71.5762829145046
-37.8298158529509 471.433528104124 73.2459567217629
-42.4694738319485 472.236961191834 74.8125824588673
-45.5487726839503 473.040394279543 75.902158536755
-47.8478919724542 473.843827367252 76.7532097850344
-50.9686102264458 473.843827367252 77.7073091034678
Dend
33 E(0)
Dbegin
polygon
-65.6656809258361 491.544180284447 93.351973193206
-66.3964292022962 494.845947163629 94.9643571763264
-65.3364512595102 498.642454922223 97.3992990985549
-63.3628196700832 503.080681711509 100.470371429523
-56.9672441435953 507.572714926362 104.923284290704
-48.8541045459338 510.982094656675 109.299349334248
-39.0599819511348 512.520123720475 113.148863681785
-28.4985300058396 511.545083087069 115.835696924573
-18.8873127812217 509.139626240993 117.436696880248
-11.8341511263461 508.752498212714 119.377820001564
-3.10000647433314 506.494019517921 120.792392426872
3.87999303247001 504.529497125691 121.834109791444
13.4912102570879 502.124040279616 123.435109747119
19.5941371912861 500.306496038668 124.290399581323
26.5009745500169 496.764579282489 124.432711189151
36.8795211251311 491.846052739207 124.871030040078
45.4673414809992 486.432785316513 124.486790951898
51.3873630450165 480.671755165691 123.093566394241
57.2708035349974 474.122027832893 121.250638958212
58.8420433100263 469.884585620454 119.374979627087
56.2474066662477 471.114217256274 119.265399914356
50.9849712306182 471.996086163965 118.146834732148
44.8820442964199 473.813630404913 117.291544897944
36.1113185703707 475.283411917731 115.427269594264
28.2542464909627 477.394912461243 114.199124699324
21.2376659101233 478.570737671497 112.707704456381
11.5898676114692 480.187497335597 110.657001622333
3.73279553206115 482.298997879109 109.428856727393
-5.03793019398805 483.768779391927 107.564581423713
-12.0910918488636 484.155907420206 105.623458302397
-18.230599857098 485.184754479179 104.318465589821
-26.1608340845785 485.71886065874 102.190914938137
-34.0544872380228 487.041664020277 100.513067164826
-41.1808110409708 485.851397684606 97.6725382867653
-47.3203190492052 486.880244743579 96.3675455741895
-52.5461734107985 488.550810833245 95.6986832703537
-56.017882627182 489.927420620347 95.4026760272538
-58.6125192709605 491.157052256168 95.293096314522
-62.1208095613802 491.744964861295 94.5473861930501
Dend
34 E(0)
Dbegin
polygon
-120.473389006107 472.00501975809 67.9963067660811
-117.021073155035 471.470815787923 70.4798689740549
-113.156718973267 468.657015120711 72.770622894194
-108.679863957661 464.517415847345 75.2302124553108
-104.392358120792 455.236825604264 76.4120619421553
-101.318740627192 444.420639694667 76.3401440015844
-100.271974813844 432.440858633819 74.4839790638079
-101.864561514587 420.623281027873 70.6747314878478
-104.88261238615 410.503502543347 66.1661687011196
-105.673349074318 402.501117300962 63.8034968404097
-108.490937442737 393.335136907326 59.6565779824941
-110.907600804869 386.07675269547 56.2329469822035
-113.925651676432 375.956974210944 51.7243841954754
-116.141852535421 369.652388089977 48.6623971239973
-120.184442571517 363.13800490865 44.1778069841261
-125.841845957171 353.180429879027 37.7161615592145
-131.911287673519 345.502451546448 31.4473244221376
-138.192305217418 341.057868001804 25.732939501708
-145.2862860983 336.985284972424 19.4880750114881
-149.752027789498 336.937691366966 16.1123893049114
-148.337676943085 339.427085124372 17.7278006611394
-147.134901924223 345.149873669712 19.8976642340145
-144.918701065234 351.454459790678 22.9596513054926
-142.914076033797 360.992440699579 26.5760905936179
-140.296950168521 369.204623002325 30.361365522721
-138.693250143372 376.835007729445 33.2545169532212
-136.488162608791 387.326786729236 37.2326001701591
-133.871036743515 395.538969031982 41.0178750992621
-131.866411712078 405.076949940883 44.6343143873874
-131.07567502391 413.079335183268 46.9969862480974
-129.672437501904 419.755921819498 49.5284937497851
-128.681238310593 428.712105152773 52.2528095393076
-126.877075782299 437.296287970784 55.5076048986203
-127.712265768096 446.042674243697 56.8093176197496
-126.30902824609 452.719260879928 59.3408251214373
-124.293289890245 458.070048910004 62.0411682641028
-122.678476540688 461.5132407583 64.0182235491433
-121.264125694275 464.002634515706 65.6336349053712
-120.4622756817 467.817826879266 67.0802106206213
Dend
Control: 8

